mincut: 1
subsetCut1: 6
subsetCut2: 0 1 2 3 4 5 7 8 9 10 11 12 13 14 15 16 17 18 19
0 1 1 1 1 1 1 1 1 1 1 1 1 1 1 1 1 1 1 1
1 0 0 0 0 0 0 0 0 0 0 1 0 1 1 0 0 0 1 1
1 0 0 0 0 0 0 0 0 0 0 1 1 1 1 1 1 0 1 1
1 0 0 0 0 0 0 0 0 0 0 1 1 1 1 1 0 0 0 1
1 0 0 0 0 0 0 0 0 0 0 1 1 1 0 0 1 0 0 0
1 0 0 0 0 0 0 0 0 0 0 1 1 1 0 1 1 0 1 0
1 0 0 0 0 0 0 0 0 0 0 0 0 0 0 0 0 0 0 0
1 0 0 0 0 0 0 0 0 0 0 1 1 0 0 0 0 1 0 0
1 0 0 0 0 0 0 0 0 0 0 1 1 1 1 1 0 1 0 1
1 0 0 0 0 0 0 0 0 0 0 1 1 0 1 1 0 1 1 0
1 0 0 0 0 0 0 0 0 0 0 1 1 1 1 0 1 1 0 1
1 1 1 1 1 1 0 1 1 1 1 0 1 1 1 1 1 1 1 1
1 0 1 1 1 1 0 1 1 1 1 1 0 1 1 1 1 1 0 0
1 1 1 1 1 1 0 0 1 0 1 1 1 0 1 1 1 1 1 1
1 1 1 1 0 0 0 0 1 1 1 1 1 1 0 1 1 1 1 0
1 0 1 1 0 1 0 0 1 1 0 1 1 1 1 0 1 1 0 0
1 0 1 0 1 1 0 0 0 0 1 1 1 1 1 1 0 0 1 1
1 0 0 0 0 0 0 1 1 1 1 1 1 1 1 1 0 0 1 1
1 1 1 0 0 1 0 0 0 1 0 1 0 1 1 0 1 1 0 0
1 1 1 1 0 0 0 0 1 0 1 1 0 1 0 0 1 1 0 0
