mincut: 1
subsetCut1: 10 11 12 13 14 15 16 17 18 19
subsetCut2: 0 1 2 3 4 5 6 7 8 9
0 1 1 1 1 1 1 1 1 1 0 0 0 0 0 0 0 0 0 0
1 0 1 1 1 1 1 1 1 1 0 0 0 0 0 0 0 0 0 0
1 1 0 1 1 1 1 1 1 1 0 0 0 0 0 0 0 0 0 0
1 1 1 0 1 1 1 1 1 1 0 0 0 0 0 0 0 0 0 0
1 1 1 1 0 1 1 1 1 1 0 0 0 0 0 0 0 0 0 0
1 1 1 1 1 0 1 1 1 1 0 0 0 0 0 0 0 0 0 0
1 1 1 1 1 1 0 1 1 1 0 0 0 0 0 0 0 0 0 0
1 1 1 1 1 1 1 0 1 1 0 0 0 0 0 0 0 0 0 0
1 1 1 1 1 1 1 1 0 1 0 0 0 0 0 0 0 0 0 0
1 1 1 1 1 1 1 1 1 0 1 0 0 0 0 0 0 0 0 0
0 0 0 0 0 0 0 0 0 1 0 1 1 1 1 1 1 1 1 1
0 0 0 0 0 0 0 0 0 0 1 0 1 1 1 1 1 1 1 1
0 0 0 0 0 0 0 0 0 0 1 1 0 1 1 1 1 1 1 1
0 0 0 0 0 0 0 0 0 0 1 1 1 0 1 1 1 1 1 1
0 0 0 0 0 0 0 0 0 0 1 1 1 1 0 1 1 1 1 1
0 0 0 0 0 0 0 0 0 0 1 1 1 1 1 0 1 1 1 1
0 0 0 0 0 0 0 0 0 0 1 1 1 1 1 1 0 1 1 1
0 0 0 0 0 0 0 0 0 0 1 1 1 1 1 1 1 0 1 1
0 0 0 0 0 0 0 0 0 0 1 1 1 1 1 1 1 1 0 1
0 0 0 0 0 0 0 0 0 0 1 1 1 1 1 1 1 1 1 0
